пол:
105 0 70 
-105 0 70 
0 0 -35 
0 0 175 

потолок:
105 100 70
-105 100 70
0 100 -35
0 100 175

левая ближняя стена:
0 0 -35
105 0 70
105 100 70
0 100 -35

правая ближняя стена:
-105 0 70
-105 100 70
0 100 -35
0 0 -35

левая дальняя стена:
0 0 175
0 100 175
105 100 70
105 0 70

правая дальняя стена(1):
-105 0 70
-105 55 70
0 55 175 
0 0 175

правая дальняя стена(2):
-105 55 70
-105 100 70
0 100 175 
0 55 175

передняя часть тумбы:
-15 0 60
15 0 60
15 40 60
-15 40 60

левая часть тумбы:
15 0 60
15 40 60
15 40 90
15 0 90

задняя часть тумбы:
-15 0 90
-15 40 90
15 40 90
15 0 90

правая часть тумбы:
-15 0 90
-15 40 90
-15 40 60
-15 0 60

крышка тумбы:
-15 40 60
15 40 60
15 40 90
-15 40 90

3е зеркало:
4 40 80
-4 40 80
-4 60 80
4 60 80

2е зеркало:
4 40 80
4 60 80
10.25 60 75
10.25 40 75

1е зеркало:
10.25 40 75
10.25 60 75
12 60 67.25
12 40 67.25

4е зеркало:
-4 40 80
-4 60 80
-10.25 60 75
-10.25 40 75

5е зеркало:
-10.25 40 75
-10.25 60 75
-12 60 67.25
-12 40 67.25
